--- results\yc_wgen_cli_pilot\003_06_04\generated\CNYC.CLI
+++ results\yc_wgen_cli_pilot\003_06_05_01\candidate\CNYC_parsefix_01.CLI
@@ -24,18 +24,18 @@
 
 *WGEN PARAMETERS
 @  MTH  SDMN  SDSD  SWMN  SWSD  XDMN  XDSD  XWMN  XWSD  NAMN  NASD ALPHA  RTOT   PDW  RNUM
-     1   7.6   3.2   5.0   2.8    3.3   3.6    1.9   4.0   -7.2   3.6 0.811   1.9 0.023   0.9
-     2  10.5   3.9   5.0   3.6    7.7   5.0    3.7   4.7   -3.6   4.4 0.890  10.4 0.086   3.0
-     3  14.0   5.7   9.5   5.7   14.1   5.3   11.0   4.2    2.0   4.3 0.568  18.4 0.068   3.0
-     4  19.4   5.1  11.0   6.7   21.0   4.3   17.7   4.3    8.1   4.3 0.643  32.4 0.135   4.3
-     5  22.3   5.2  12.3   8.0   27.2   3.0   22.9   3.9   14.0   3.4 0.674  46.2 0.137   6.1
-     6  21.0   5.3  12.4   6.7   33.0   3.4   28.4   4.5   19.6   3.0 0.515  88.7 0.172   6.6
-     7  19.4   5.3  12.8   7.0   33.5   3.6   30.3   3.3   22.6   2.3 0.603 177.1 0.265   9.6
-     8  17.7   4.8  10.5   6.1   31.3   2.5   28.2   3.5   21.4   2.8 0.540 175.7 0.252   9.7
-     9  15.3   4.7   7.7   5.9   27.9   2.8   23.4   3.7   15.3   3.7 0.502  60.9 0.153   6.5
-    10  12.1   3.6   6.6   5.2   22.4   4.1   18.1   3.5    9.2   4.1 0.674  16.3 0.093   4.1
-    11   9.1   3.0   3.1   3.2   13.3   4.8    8.8   5.0    1.8   4.4 0.998  13.0 0.058   2.6
-    12   7.4   2.6   3.5   2.6    5.1   4.1    4.3   3.9   -4.9   3.9 0.765   3.7 0.066   2.3
+     1   7.6   3.2   5.0   2.8   3.3   3.6   1.9   4.0  -7.2   3.6 0.811   1.9 0.023   0.9
+     2  10.5   3.9   5.0   3.6   7.7   5.0   3.7   4.7  -3.6   4.4 0.890  10.4 0.086   3.0
+     3  14.0   5.7   9.5   5.7  14.1   5.3  11.0   4.2   2.0   4.3 0.568  18.4 0.068   3.0
+     4  19.4   5.1  11.0   6.7  21.0   4.3  17.7   4.3   8.1   4.3 0.643  32.4 0.135   4.3
+     5  22.3   5.2  12.3   8.0  27.2   3.0  22.9   3.9  14.0   3.4 0.674  46.2 0.137   6.1
+     6  21.0   5.3  12.4   6.7  33.0   3.4  28.4   4.5  19.6   3.0 0.515  88.7 0.172   6.6
+     7  19.4   5.3  12.8   7.0  33.5   3.6  30.3   3.3  22.6   2.3 0.603 177.1 0.265   9.6
+     8  17.7   4.8  10.5   6.1  31.3   2.5  28.2   3.5  21.4   2.8 0.540 175.7 0.252   9.7
+     9  15.3   4.7   7.7   5.9  27.9   2.8  23.4   3.7  15.3   3.7 0.502  60.9 0.153   6.5
+    10  12.1   3.6   6.6   5.2  22.4   4.1  18.1   3.5   9.2   4.1 0.674  16.3 0.093   4.1
+    11   9.1   3.0   3.1   3.2  13.3   4.8   8.8   5.0   1.8   4.4 0.998  13.0 0.058   2.6
+    12   7.4   2.6   3.5   2.6   5.1   4.1   4.3   3.9  -4.9   3.9 0.765   3.7 0.066   2.3
 
 *RANGE CHECK VALUES
 @      SRAD  TMAX  TMIN  RAIN  DEWP  WIND  SUNH   PAR  TDRY  TWET  EVAP  RHUM
